Decima 
 [-2349.75656   -2345.0619225 -2340.367285  -2335.6726475 -2330.97801
 -2326.2833725 -2321.588735  -2316.8940975 -2312.19946   -2307.5048225
 -2302.810185  -2298.1155475 -2293.42091   -2288.7262725 -2284.031635
 -2279.3369975 -2274.64236   -2269.9477225 -2265.253085  -2260.5584475
 -2255.86381   -2251.1691725 -2246.474535  -2241.7798975 -2237.08526
 -2232.3906225 -2227.695985  -2223.0013475 -2218.30671   -2213.6120725
 -2208.917435  -2204.2227975 -2199.52816   -2194.8335225 -2190.138885
 -2185.4442475 -2180.74961   -2176.0549725 -2171.360335  -2166.6656975
 -2161.97106   -2157.2764225 -2152.581785  -2147.8871475 -2143.19251
 -2138.4978725 -2133.803235  -2129.1085975 -2124.41396   -2119.7193225
 -2115.024685  -2110.3300475 -2105.63541   -2100.9407725 -2096.246135
 -2091.5514975 -2086.85686   -2082.1622225 -2077.467585  -2072.7729475
 -2068.07831   -2063.3836725 -2058.689035  -2053.9943975 -2049.29976
 -2044.6051225 -2039.910485  -2035.2158475 -2030.52121   -2025.8265725
 -2021.131935  -2016.4372975 -2011.74266   -2007.0480225 -2002.353385
 -1997.6587475 -1992.96411   -1988.2694725 -1983.574835  -1978.8801975
 -1974.18556   -1969.4909225 -1964.796285  -1960.1016475 -1955.40701
 -1950.7123725 -1946.017735  -1941.3230975 -1936.62846   -1931.9338225
 -1927.239185  -1922.5445475 -1917.84991   -1913.1552725 -1908.460635
 -1903.7659975 -1899.07136   -1894.3767225 -1889.682085  -1884.9874475] [0.04 0.04 0.04 0.04 0.04 0.04 0.04 0.04 0.04 0.04 0.04 0.04 0.04 0.04
 0.04 0.04 0.04 0.08 0.16 0.16 0.16 0.16 0.16 0.2  0.2  0.2  0.2  0.2
 0.2  0.2  0.2  0.24 0.24 0.24 0.28 0.28 0.32 0.32 0.36 0.36 0.36 0.4
 0.4  0.4  0.4  0.44 0.44 0.44 0.44 0.44 0.52 0.52 0.52 0.52 0.56 0.6
 0.64 0.64 0.64 0.64 0.64 0.64 0.68 0.68 0.68 0.72 0.72 0.8  0.8  0.8
 0.8  0.8  0.8  0.8  0.84 0.84 0.84 0.88 0.88 0.88 0.88 0.88 0.88 0.88
 0.92 0.92 0.92 0.96 0.96 0.96 0.96 0.96 0.96 0.96 0.96 0.96 0.96 0.96
 0.96 1.  ]
 Dynamic Scheduling
[-2295.83658   -2290.2738097 -2284.7110394 -2279.1482691 -2273.5854988
 -2268.0227285 -2262.4599582 -2256.8971879 -2251.3344176 -2245.7716473
 -2240.208877  -2234.6461067 -2229.0833364 -2223.5205661 -2217.9577958
 -2212.3950255 -2206.8322552 -2201.2694849 -2195.7067146 -2190.1439443
 -2184.581174  -2179.0184037 -2173.4556334 -2167.8928631 -2162.3300928
 -2156.7673225 -2151.2045522 -2145.6417819 -2140.0790116 -2134.5162413
 -2128.953471  -2123.3907007 -2117.8279304 -2112.2651601 -2106.7023898
 -2101.1396195 -2095.5768492 -2090.0140789 -2084.4513086 -2078.8885383
 -2073.325768  -2067.7629977 -2062.2002274 -2056.6374571 -2051.0746868
 -2045.5119165 -2039.9491462 -2034.3863759 -2028.8236056 -2023.2608353
 -2017.698065  -2012.1352947 -2006.5725244 -2001.0097541 -1995.4469838
 -1989.8842135 -1984.3214432 -1978.7586729 -1973.1959026 -1967.6331323
 -1962.070362  -1956.5075917 -1950.9448214 -1945.3820511 -1939.8192808
 -1934.2565105 -1928.6937402 -1923.1309699 -1917.5681996 -1912.0054293
 -1906.442659  -1900.8798887 -1895.3171184 -1889.7543481 -1884.1915778
 -1878.6288075 -1873.0660372 -1867.5032669 -1861.9404966 -1856.3777263
 -1850.814956  -1845.2521857 -1839.6894154 -1834.1266451 -1828.5638748
 -1823.0011045 -1817.4383342 -1811.8755639 -1806.3127936 -1800.7500233
 -1795.187253  -1789.6244827 -1784.0617124 -1778.4989421 -1772.9361718
 -1767.3734015 -1761.8106312 -1756.2478609 -1750.6850906 -1745.1223203] [0.12 0.12 0.12 0.12 0.12 0.12 0.2  0.2  0.2  0.28 0.28 0.28 0.28 0.28
 0.28 0.28 0.28 0.28 0.28 0.28 0.28 0.4  0.4  0.44 0.44 0.44 0.48 0.48
 0.48 0.52 0.52 0.52 0.56 0.6  0.6  0.6  0.6  0.6  0.6  0.6  0.6  0.68
 0.68 0.68 0.72 0.72 0.76 0.76 0.76 0.76 0.76 0.76 0.76 0.76 0.76 0.8
 0.8  0.84 0.84 0.84 0.84 0.84 0.84 0.84 0.84 0.84 0.84 0.84 0.84 0.84
 0.84 0.84 0.84 0.84 0.84 0.84 0.84 0.84 0.84 0.84 0.84 0.84 0.84 0.84
 0.84 0.84 0.84 0.88 0.88 0.92 0.92 0.92 0.92 0.92 0.92 0.92 0.96 0.96
 0.96 1.  ]
 FIFO 
[-5389.802     -5381.4880867 -5373.1741734 -5364.8602601 -5356.5463468
 -5348.2324335 -5339.9185202 -5331.6046069 -5323.2906936 -5314.9767803
 -5306.662867  -5298.3489537 -5290.0350404 -5281.7211271 -5273.4072138
 -5265.0933005 -5256.7793872 -5248.4654739 -5240.1515606 -5231.8376473
 -5223.523734  -5215.2098207 -5206.8959074 -5198.5819941 -5190.2680808
 -5181.9541675 -5173.6402542 -5165.3263409 -5157.0124276 -5148.6985143
 -5140.384601  -5132.0706877 -5123.7567744 -5115.4428611 -5107.1289478
 -5098.8150345 -5090.5011212 -5082.1872079 -5073.8732946 -5065.5593813
 -5057.245468  -5048.9315547 -5040.6176414 -5032.3037281 -5023.9898148
 -5015.6759015 -5007.3619882 -4999.0480749 -4990.7341616 -4982.4202483
 -4974.106335  -4965.7924217 -4957.4785084 -4949.1645951 -4940.8506818
 -4932.5367685 -4924.2228552 -4915.9089419 -4907.5950286 -4899.2811153
 -4890.967202  -4882.6532887 -4874.3393754 -4866.0254621 -4857.7115488
 -4849.3976355 -4841.0837222 -4832.7698089 -4824.4558956 -4816.1419823
 -4807.828069  -4799.5141557 -4791.2002424 -4782.8863291 -4774.5724158
 -4766.2585025 -4757.9445892 -4749.6306759 -4741.3167626 -4733.0028493
 -4724.688936  -4716.3750227 -4708.0611094 -4699.7471961 -4691.4332828
 -4683.1193695 -4674.8054562 -4666.4915429 -4658.1776296 -4649.8637163
 -4641.549803  -4633.2358897 -4624.9219764 -4616.6080631 -4608.2941498
 -4599.9802365 -4591.6663232 -4583.3524099 -4575.0384966 -4566.7245833] [0.04 0.04 0.04 0.04 0.04 0.08 0.08 0.08 0.08 0.08 0.12 0.12 0.12 0.12
 0.12 0.16 0.16 0.16 0.16 0.16 0.16 0.2  0.2  0.24 0.24 0.24 0.28 0.28
 0.32 0.36 0.36 0.36 0.36 0.36 0.36 0.4  0.4  0.4  0.4  0.48 0.52 0.52
 0.52 0.52 0.52 0.52 0.52 0.56 0.6  0.6  0.6  0.64 0.64 0.64 0.64 0.68
 0.72 0.72 0.76 0.8  0.88 0.88 0.88 0.88 0.88 0.88 0.88 0.88 0.88 0.88
 0.88 0.88 0.88 0.88 0.92 0.92 0.92 0.92 0.92 0.92 0.92 0.92 0.92 0.92
 0.92 0.92 0.92 0.92 0.92 0.92 0.92 0.92 0.96 0.96 0.96 0.96 0.96 0.96
 0.96 1.  ]
 Graphinator
 [-2011.11319   -2006.1520832 -2001.1909764 -1996.2298696 -1991.2687628
 -1986.307656  -1981.3465492 -1976.3854424 -1971.4243356 -1966.4632288
 -1961.502122  -1956.5410152 -1951.5799084 -1946.6188016 -1941.6576948
 -1936.696588  -1931.7354812 -1926.7743744 -1921.8132676 -1916.8521608
 -1911.891054  -1906.9299472 -1901.9688404 -1897.0077336 -1892.0466268
 -1887.08552   -1882.1244132 -1877.1633064 -1872.2021996 -1867.2410928
 -1862.279986  -1857.3188792 -1852.3577724 -1847.3966656 -1842.4355588
 -1837.474452  -1832.5133452 -1827.5522384 -1822.5911316 -1817.6300248
 -1812.668918  -1807.7078112 -1802.7467044 -1797.7855976 -1792.8244908
 -1787.863384  -1782.9022772 -1777.9411704 -1772.9800636 -1768.0189568
 -1763.05785   -1758.0967432 -1753.1356364 -1748.1745296 -1743.2134228
 -1738.252316  -1733.2912092 -1728.3301024 -1723.3689956 -1718.4078888
 -1713.446782  -1708.4856752 -1703.5245684 -1698.5634616 -1693.6023548
 -1688.641248  -1683.6801412 -1678.7190344 -1673.7579276 -1668.7968208
 -1663.835714  -1658.8746072 -1653.9135004 -1648.9523936 -1643.9912868
 -1639.03018   -1634.0690732 -1629.1079664 -1624.1468596 -1619.1857528
 -1614.224646  -1609.2635392 -1604.3024324 -1599.3413256 -1594.3802188
 -1589.419112  -1584.4580052 -1579.4968984 -1574.5357916 -1569.5746848
 -1564.613578  -1559.6524712 -1554.6913644 -1549.7302576 -1544.7691508
 -1539.808044  -1534.8469372 -1529.8858304 -1524.9247236 -1519.9636168]
[0.04 0.08 0.12 0.12 0.12 0.12 0.16 0.16 0.16 0.16 0.16 0.16 0.2  0.2
 0.24 0.24 0.24 0.24 0.24 0.24 0.24 0.28 0.32 0.32 0.32 0.36 0.36 0.36
 0.4  0.4  0.4  0.44 0.44 0.48 0.48 0.48 0.48 0.48 0.48 0.52 0.56 0.56
 0.6  0.64 0.64 0.68 0.68 0.68 0.68 0.68 0.72 0.72 0.72 0.72 0.72 0.72
 0.72 0.72 0.72 0.72 0.72 0.72 0.72 0.76 0.76 0.8  0.8  0.8  0.8  0.8
 0.8  0.84 0.84 0.84 0.84 0.84 0.84 0.84 0.88 0.88 0.88 0.88 0.88 0.88
 0.92 0.92 0.92 0.92 0.92 0.92 0.92 0.92 0.92 0.92 0.92 0.92 0.92 0.92
 0.96 1.  ]
 UDRL
[-1909.02132   -1904.2910915 -1899.560863  -1894.8306345 -1890.100406
 -1885.3701775 -1880.639949  -1875.9097205 -1871.179492  -1866.4492635
 -1861.719035  -1856.9888065 -1852.258578  -1847.5283495 -1842.798121
 -1838.0678925 -1833.337664  -1828.6074355 -1823.877207  -1819.1469785
 -1814.41675   -1809.6865215 -1804.956293  -1800.2260645 -1795.495836
 -1790.7656075 -1786.035379  -1781.3051505 -1776.574922  -1771.8446935
 -1767.114465  -1762.3842365 -1757.654008  -1752.9237795 -1748.193551
 -1743.4633225 -1738.733094  -1734.0028655 -1729.272637  -1724.5424085
 -1719.81218   -1715.0819515 -1710.351723  -1705.6214945 -1700.891266
 -1696.1610375 -1691.430809  -1686.7005805 -1681.970352  -1677.2401235
 -1672.509895  -1667.7796665 -1663.049438  -1658.3192095 -1653.588981
 -1648.8587525 -1644.128524  -1639.3982955 -1634.668067  -1629.9378385
 -1625.20761   -1620.4773815 -1615.747153  -1611.0169245 -1606.286696
 -1601.5564675 -1596.826239  -1592.0960105 -1587.365782  -1582.6355535
 -1577.905325  -1573.1750965 -1568.444868  -1563.7146395 -1558.984411
 -1554.2541825 -1549.523954  -1544.7937255 -1540.063497  -1535.3332685
 -1530.60304   -1525.8728115 -1521.142583  -1516.4123545 -1511.682126
 -1506.9518975 -1502.221669  -1497.4914405 -1492.761212  -1488.0309835
 -1483.300755  -1478.5705265 -1473.840298  -1469.1100695 -1464.379841
 -1459.6496125 -1454.919384  -1450.1891555 -1445.458927  -1440.7286985]
[0.04 0.08 0.08 0.08 0.08 0.08 0.08 0.08 0.08 0.08 0.08 0.08 0.12 0.12
 0.12 0.12 0.12 0.16 0.16 0.2  0.2  0.2  0.2  0.2  0.2  0.2  0.2  0.24
 0.24 0.36 0.44 0.44 0.44 0.44 0.44 0.48 0.48 0.52 0.56 0.6  0.64 0.64
 0.68 0.72 0.72 0.72 0.72 0.72 0.72 0.72 0.72 0.72 0.72 0.72 0.72 0.72
 0.72 0.72 0.72 0.72 0.72 0.72 0.72 0.76 0.76 0.76 0.76 0.76 0.76 0.76
 0.76 0.84 0.84 0.88 0.88 0.88 0.92 0.92 0.92 0.92 0.92 0.92 0.92 0.92
 0.92 0.92 0.92 0.92 0.92 0.92 0.92 0.92 0.92 0.92 0.96 0.96 0.96 0.96
 0.96 1.  ]
