Sched_net saved to ./sched_net_1.chkpt at step 1000
783 : tensor([[0.0000e+00],
        [0.0000e+00],
        [0.0000e+00],
        [0.0000e+00],
        [0.0000e+00],
        [0.0000e+00],
        [0.0000e+00],
        [0.0000e+00],
        [0.0000e+00],
        [0.0000e+00],
        [2.5093e-01],
        [0.0000e+00],
        [0.0000e+00],
        [0.0000e+00],
        [0.0000e+00],
        [0.0000e+00],
        [0.0000e+00],
        [0.0000e+00],
        [0.0000e+00],
        [0.0000e+00],
        [1.0861e+00],
        [0.0000e+00],
        [0.0000e+00],
        [4.5419e-01],
        [2.4612e-01],
        [0.0000e+00],
        [0.0000e+00],
        [0.0000e+00],
        [0.0000e+00],
        [0.0000e+00],
        [0.0000e+00],
        [0.0000e+00],
        [0.0000e+00],
        [0.0000e+00],
        [0.0000e+00],
        [0.0000e+00],
        [0.0000e+00],
        [0.0000e+00],
        [0.0000e+00],
        [0.0000e+00],
        [0.0000e+00],
        [0.0000e+00],
        [0.0000e+00],
        [0.0000e+00],
        [0.0000e+00],
        [0.0000e+00],
        [0.0000e+00],
        [0.0000e+00],
        [0.0000e+00],
        [5.2175e+00],
        [1.3499e+00],
        [4.1613e+00],
        [2.1115e-01],
        [0.0000e+00],
        [0.0000e+00],
        [1.4437e+00],
        [0.0000e+00],
        [0.0000e+00],
        [0.0000e+00],
        [0.0000e+00],
        [0.0000e+00],
        [1.9499e-01],
        [3.4496e+00],
        [0.0000e+00],
        [0.0000e+00],
        [0.0000e+00],
        [0.0000e+00],
        [0.0000e+00],
        [0.0000e+00],
        [0.0000e+00],
        [0.0000e+00],
        [0.0000e+00],
        [0.0000e+00],
        [0.0000e+00],
        [0.0000e+00],
        [0.0000e+00],
        [0.0000e+00],
        [0.0000e+00],
        [0.0000e+00],
        [0.0000e+00],
        [0.0000e+00],
        [0.0000e+00],
        [0.0000e+00],
        [0.0000e+00],
        [0.0000e+00],
        [0.0000e+00],
        [1.3596e+00],
        [0.0000e+00],
        [0.0000e+00],
        [0.0000e+00],
        [0.0000e+00],
        [0.0000e+00],
        [0.0000e+00],
        [0.0000e+00],
        [0.0000e+00],
        [0.0000e+00],
        [0.0000e+00],
        [0.0000e+00],
        [0.0000e+00],
        [0.0000e+00],
        [0.0000e+00],
        [0.0000e+00],
        [0.0000e+00],
        [0.0000e+00],
        [3.3252e+00],
        [5.8762e-01],
        [2.5914e+00],
        [0.0000e+00],
        [0.0000e+00],
        [0.0000e+00],
        [0.0000e+00],
        [0.0000e+00],
        [4.1113e-01],
        [7.5327e-02],
        [0.0000e+00],
        [0.0000e+00],
        [0.0000e+00],
        [0.0000e+00],
        [0.0000e+00],
        [0.0000e+00],
        [9.9017e-01],
        [1.6484e-03],
        [0.0000e+00],
        [0.0000e+00],
        [0.0000e+00],
        [0.0000e+00],
        [0.0000e+00],
        [0.0000e+00],
        [0.0000e+00],
        [0.0000e+00],
        [1.4677e+00],
        [0.0000e+00],
        [0.0000e+00],
        [0.0000e+00],
        [0.0000e+00],
        [0.0000e+00],
        [0.0000e+00],
        [0.0000e+00],
        [0.0000e+00],
        [0.0000e+00],
        [0.0000e+00],
        [0.0000e+00],
        [0.0000e+00],
        [2.6018e-02],
        [1.2144e+00],
        [5.5966e+00],
        [7.0420e-01],
        [1.0842e+00],
        [3.7958e-02],
        [0.0000e+00],
        [0.0000e+00],
        [0.0000e+00],
        [0.0000e+00],
        [0.0000e+00],
        [0.0000e+00],
        [0.0000e+00],
        [0.0000e+00],
        [0.0000e+00],
        [0.0000e+00],
        [0.0000e+00],
        [0.0000e+00],
        [0.0000e+00],
        [0.0000e+00],
        [0.0000e+00],
        [0.0000e+00],
        [0.0000e+00],
        [0.0000e+00],
        [0.0000e+00],
        [0.0000e+00],
        [0.0000e+00],
        [0.0000e+00],
        [0.0000e+00],
        [0.0000e+00],
        [0.0000e+00],
        [0.0000e+00],
        [0.0000e+00],
        [0.0000e+00],
        [0.0000e+00],
        [0.0000e+00],
        [0.0000e+00],
        [0.0000e+00],
        [0.0000e+00],
        [0.0000e+00],
        [0.0000e+00],
        [0.0000e+00],
        [0.0000e+00],
        [0.0000e+00],
        [0.0000e+00],
        [0.0000e+00],
        [0.0000e+00],
        [0.0000e+00],
        [0.0000e+00],
        [0.0000e+00],
        [3.9029e+00],
        [0.0000e+00],
        [2.5388e-01],
        [0.0000e+00],
        [0.0000e+00],
        [0.0000e+00],
        [0.0000e+00],
        [0.0000e+00],
        [0.0000e+00],
        [0.0000e+00],
        [0.0000e+00],
        [0.0000e+00],
        [0.0000e+00],
        [0.0000e+00],
        [4.3402e+00],
        [1.0247e+00],
        [1.0680e-01],
        [6.0831e-01],
        [4.5626e-01],
        [1.2740e+00],
        [0.0000e+00],
        [0.0000e+00],
        [0.0000e+00],
        [0.0000e+00],
        [1.9144e+00],
        [2.2364e-01],
        [5.5195e-01],
        [1.3360e+00],
        [0.0000e+00],
        [0.0000e+00],
        [0.0000e+00],
        [0.0000e+00],
        [0.0000e+00],
        [0.0000e+00],
        [0.0000e+00],
        [0.0000e+00],
        [4.8358e-01],
        [1.2233e+00],
        [5.2963e+00],
        [7.3060e-01],
        [0.0000e+00],
        [7.4126e-02],
        [0.0000e+00],
        [0.0000e+00],
        [0.0000e+00],
        [0.0000e+00],
        [0.0000e+00],
        [2.5860e+00],
        [0.0000e+00],
        [0.0000e+00],
        [0.0000e+00],
        [0.0000e+00],
        [0.0000e+00],
        [0.0000e+00],
        [0.0000e+00],
        [0.0000e+00],
        [0.0000e+00],
        [0.0000e+00],
        [0.0000e+00],
        [0.0000e+00],
        [0.0000e+00],
        [0.0000e+00],
        [0.0000e+00],
        [0.0000e+00],
        [0.0000e+00],
        [0.0000e+00],
        [0.0000e+00],
        [7.3436e-01],
        [0.0000e+00],
        [0.0000e+00],
        [6.6034e-02],
        [1.3005e+00],
        [0.0000e+00],
        [0.0000e+00],
        [0.0000e+00],
        [0.0000e+00],
        [0.0000e+00],
        [0.0000e+00],
        [0.0000e+00],
        [0.0000e+00],
        [0.0000e+00],
        [0.0000e+00],
        [0.0000e+00],
        [0.0000e+00],
        [0.0000e+00],
        [0.0000e+00],
        [0.0000e+00],
        [0.0000e+00],
        [0.0000e+00],
        [2.8082e+00],
        [3.1760e-01],
        [0.0000e+00],
        [0.0000e+00],
        [0.0000e+00],
        [0.0000e+00],
        [0.0000e+00],
        [0.0000e+00],
        [0.0000e+00],
        [0.0000e+00],
        [0.0000e+00],
        [0.0000e+00],
        [4.7378e+00],
        [0.0000e+00],
        [0.0000e+00],
        [0.0000e+00],
        [5.0098e-01],
        [5.3827e+00],
        [9.4458e-02],
        [1.5071e+00],
        [8.9369e-02],
        [2.3869e-01],
        [0.0000e+00],
        [0.0000e+00],
        [0.0000e+00],
        [0.0000e+00],
        [0.0000e+00],
        [0.0000e+00],
        [0.0000e+00],
        [0.0000e+00],
        [0.0000e+00],
        [0.0000e+00],
        [0.0000e+00],
        [7.3128e-01],
        [0.0000e+00],
        [6.0498e-01],
        [0.0000e+00],
        [7.0010e-01],
        [0.0000e+00],
        [0.0000e+00],
        [0.0000e+00],
        [0.0000e+00],
        [0.0000e+00],
        [0.0000e+00],
        [0.0000e+00],
        [3.7931e+00],
        [0.0000e+00],
        [0.0000e+00],
        [0.0000e+00],
        [0.0000e+00],
        [0.0000e+00],
        [0.0000e+00],
        [0.0000e+00],
        [0.0000e+00],
        [0.0000e+00],
        [0.0000e+00],
        [0.0000e+00],
        [0.0000e+00],
        [0.0000e+00],
        [0.0000e+00],
        [0.0000e+00],
        [0.0000e+00],
        [6.4318e-01],
        [0.0000e+00],
        [0.0000e+00],
        [0.0000e+00],
        [0.0000e+00],
        [0.0000e+00],
        [0.0000e+00],
        [0.0000e+00],
        [0.0000e+00],
        [0.0000e+00],
        [0.0000e+00],
        [0.0000e+00],
        [0.0000e+00],
        [0.0000e+00],
        [0.0000e+00],
        [0.0000e+00],
        [0.0000e+00],
        [0.0000e+00],
        [3.3678e+00],
        [0.0000e+00],
        [0.0000e+00],
        [0.0000e+00],
        [0.0000e+00],
        [1.3596e+00],
        [0.0000e+00],
        [0.0000e+00],
        [0.0000e+00],
        [0.0000e+00],
        [0.0000e+00],
        [0.0000e+00],
        [0.0000e+00],
        [0.0000e+00],
        [9.0284e-02],
        [0.0000e+00],
        [0.0000e+00],
        [0.0000e+00],
        [0.0000e+00],
        [0.0000e+00],
        [0.0000e+00],
        [0.0000e+00],
        [0.0000e+00],
        [0.0000e+00],
        [4.7309e-01],
        [1.2447e+00],
        [5.3603e+00],
        [7.8427e-01],
        [9.7172e-02],
        [0.0000e+00],
        [0.0000e+00],
        [0.0000e+00],
        [0.0000e+00],
        [0.0000e+00],
        [1.3336e+00],
        [5.7826e+00],
        [7.2357e-01],
        [5.6967e-02],
        [5.2477e-01],
        [3.8729e-01],
        [1.2372e+00],
        [0.0000e+00],
        [0.0000e+00],
        [0.0000e+00],
        [0.0000e+00],
        [0.0000e+00],
        [0.0000e+00],
        [0.0000e+00],
        [0.0000e+00],
        [0.0000e+00],
        [0.0000e+00],
        [0.0000e+00],
        [0.0000e+00],
        [0.0000e+00],
        [0.0000e+00],
        [0.0000e+00],
        [0.0000e+00],
        [0.0000e+00],
        [0.0000e+00],
        [0.0000e+00],
        [0.0000e+00],
        [0.0000e+00],
        [0.0000e+00],
        [0.0000e+00],
        [0.0000e+00],
        [1.2403e-01],
        [2.6923e+00],
        [0.0000e+00],
        [0.0000e+00],
        [0.0000e+00],
        [0.0000e+00],
        [0.0000e+00],
        [0.0000e+00],
        [0.0000e+00],
        [0.0000e+00],
        [0.0000e+00],
        [5.9235e-01],
        [0.0000e+00],
        [0.0000e+00],
        [0.0000e+00],
        [0.0000e+00],
        [0.0000e+00],
        [0.0000e+00],
        [0.0000e+00],
        [0.0000e+00],
        [0.0000e+00],
        [1.0953e-01],
        [0.0000e+00],
        [0.0000e+00],
        [0.0000e+00],
        [3.8613e+00],
        [0.0000e+00],
        [0.0000e+00],
        [0.0000e+00],
        [0.0000e+00],
        [2.7487e-01],
        [3.5299e-01],
        [0.0000e+00],
        [0.0000e+00],
        [0.0000e+00],
        [0.0000e+00],
        [0.0000e+00],
        [0.0000e+00],
        [0.0000e+00],
        [0.0000e+00],
        [3.5868e+00],
        [0.0000e+00],
        [0.0000e+00],
        [0.0000e+00],
        [0.0000e+00],
        [0.0000e+00],
        [0.0000e+00],
        [0.0000e+00],
        [0.0000e+00],
        [0.0000e+00],
        [0.0000e+00],
        [0.0000e+00],
        [0.0000e+00],
        [0.0000e+00],
        [0.0000e+00],
        [0.0000e+00],
        [3.9838e+00],
        [0.0000e+00],
        [0.0000e+00],
        [0.0000e+00],
        [0.0000e+00],
        [0.0000e+00],
        [0.0000e+00],
        [6.7141e-01],
        [0.0000e+00],
        [0.0000e+00],
        [0.0000e+00],
        [0.0000e+00],
        [0.0000e+00],
        [0.0000e+00],
        [0.0000e+00],
        [0.0000e+00],
        [0.0000e+00],
        [0.0000e+00],
        [0.0000e+00],
        [0.0000e+00],
        [2.8640e+00],
        [0.0000e+00],
        [0.0000e+00],
        [0.0000e+00],
        [0.0000e+00],
        [0.0000e+00],
        [0.0000e+00],
        [9.7784e-01],
        [0.0000e+00],
        [0.0000e+00],
        [0.0000e+00],
        [0.0000e+00],
        [0.0000e+00],
        [0.0000e+00],
        [0.0000e+00],
        [0.0000e+00],
        [0.0000e+00],
        [0.0000e+00],
        [0.0000e+00],
        [0.0000e+00],
        [9.5528e-01],
        [2.6961e-01],
        [2.2002e-02],
        [0.0000e+00],
        [0.0000e+00],
        [0.0000e+00],
        [0.0000e+00],
        [0.0000e+00],
        [0.0000e+00],
        [0.0000e+00],
        [0.0000e+00],
        [0.0000e+00],
        [0.0000e+00],
        [4.1501e-01],
        [0.0000e+00],
        [0.0000e+00],
        [1.4741e+00],
        [0.0000e+00],
        [0.0000e+00],
        [0.0000e+00],
        [5.3070e+00],
        [1.1309e+00],
        [1.9812e+00],
        [4.7836e+00],
        [1.3930e-01],
        [0.0000e+00],
        [0.0000e+00],
        [0.0000e+00],
        [0.0000e+00],
        [0.0000e+00],
        [0.0000e+00],
        [0.0000e+00],
        [0.0000e+00],
        [0.0000e+00],
        [0.0000e+00],
        [0.0000e+00],
        [0.0000e+00],
        [2.6044e-01],
        [3.8755e+00],
        [0.0000e+00],
        [4.2391e-02],
        [6.9065e-01],
        [1.3454e-02],
        [1.4122e-01],
        [0.0000e+00],
        [0.0000e+00],
        [0.0000e+00],
        [0.0000e+00],
        [0.0000e+00],
        [0.0000e+00],
        [0.0000e+00],
        [2.8559e-03],
        [0.0000e+00],
        [0.0000e+00],
        [5.2170e-02],
        [2.7732e+00],
        [0.0000e+00],
        [0.0000e+00],
        [0.0000e+00],
        [7.0361e+00],
        [1.5682e+00],
        [5.7756e+00],
        [3.6856e-02],
        [0.0000e+00],
        [0.0000e+00],
        [0.0000e+00],
        [0.0000e+00],
        [0.0000e+00],
        [0.0000e+00],
        [0.0000e+00],
        [0.0000e+00],
        [0.0000e+00],
        [0.0000e+00],
        [0.0000e+00],
        [0.0000e+00],
        [0.0000e+00],
        [2.4438e-01],
        [1.4683e-01],
        [0.0000e+00],
        [0.0000e+00],
        [0.0000e+00],
        [0.0000e+00],
        [0.0000e+00],
        [1.2821e+00],
        [0.0000e+00],
        [0.0000e+00],
        [0.0000e+00],
        [0.0000e+00],
        [0.0000e+00],
        [0.0000e+00],
        [0.0000e+00],
        [0.0000e+00],
        [0.0000e+00],
        [0.0000e+00],
        [1.6890e+00],
        [0.0000e+00],
        [0.0000e+00],
        [0.0000e+00],
        [0.0000e+00],
        [0.0000e+00],
        [0.0000e+00],
        [0.0000e+00],
        [0.0000e+00],
        [0.0000e+00],
        [0.0000e+00],
        [0.0000e+00],
        [0.0000e+00],
        [0.0000e+00],
        [0.0000e+00],
        [0.0000e+00],
        [0.0000e+00],
        [0.0000e+00],
        [0.0000e+00],
        [5.0814e-02],
        [1.2911e+00],
        [0.0000e+00],
        [0.0000e+00],
        [0.0000e+00],
        [0.0000e+00],
        [0.0000e+00],
        [0.0000e+00],
        [0.0000e+00],
        [0.0000e+00],
        [0.0000e+00],
        [0.0000e+00],
        [0.0000e+00],
        [0.0000e+00],
        [0.0000e+00],
        [0.0000e+00],
        [0.0000e+00],
        [2.7379e+00],
        [6.8670e-01],
        [0.0000e+00],
        [0.0000e+00],
        [0.0000e+00],
        [0.0000e+00],
        [1.9688e+00],
        [5.4185e+00],
        [1.1325e+00],
        [5.0952e+00],
        [0.0000e+00],
        [0.0000e+00],
        [0.0000e+00],
        [0.0000e+00],
        [0.0000e+00],
        [0.0000e+00],
        [0.0000e+00],
        [0.0000e+00],
        [0.0000e+00],
        [0.0000e+00],
        [0.0000e+00],
        [0.0000e+00],
        [0.0000e+00],
        [0.0000e+00],
        [0.0000e+00],
        [0.0000e+00],
        [0.0000e+00],
        [0.0000e+00],
        [0.0000e+00],
        [0.0000e+00],
        [5.2300e+00],
        [0.0000e+00],
        [0.0000e+00],
        [0.0000e+00],
        [0.0000e+00],
        [5.4001e+00],
        [7.7896e-01],
        [0.0000e+00],
        [0.0000e+00],
        [0.0000e+00],
        [0.0000e+00],
        [0.0000e+00],
        [0.0000e+00],
        [0.0000e+00],
        [0.0000e+00],
        [0.0000e+00],
        [0.0000e+00],
        [0.0000e+00],
        [0.0000e+00],
        [1.6998e-02],
        [1.7607e-02],
        [0.0000e+00],
        [0.0000e+00],
        [0.0000e+00],
        [0.0000e+00],
        [0.0000e+00],
        [0.0000e+00],
        [0.0000e+00],
        [0.0000e+00],
        [2.0222e+00],
        [3.1768e-01],
        [0.0000e+00],
        [0.0000e+00],
        [0.0000e+00],
        [0.0000e+00],
        [0.0000e+00],
        [0.0000e+00],
        [0.0000e+00],
        [0.0000e+00],
        [0.0000e+00],
        [0.0000e+00],
        [0.0000e+00],
        [0.0000e+00],
        [0.0000e+00],
        [0.0000e+00],
        [0.0000e+00],
        [0.0000e+00],
        [0.0000e+00],
        [4.0959e-01],
        [2.2104e+00],
        [4.7749e-01],
        [4.0342e+00],
        [0.0000e+00],
        [0.0000e+00],
        [0.0000e+00],
        [0.0000e+00],
        [0.0000e+00],
        [0.0000e+00],
        [0.0000e+00],
        [0.0000e+00],
        [0.0000e+00],
        [0.0000e+00],
        [0.0000e+00],
        [0.0000e+00],
        [0.0000e+00],
        [0.0000e+00],
        [0.0000e+00],
        [5.6499e+00],
        [1.5664e+00],
        [7.6164e+00],
        [2.3294e+00],
        [4.8985e+00],
        [5.4218e-01],
        [1.1323e+00],
        [6.4778e-01],
        [8.5254e-02],
        [3.7454e-01],
        [0.0000e+00],
        [0.0000e+00],
        [0.0000e+00],
        [0.0000e+00],
        [0.0000e+00],
        [0.0000e+00],
        [0.0000e+00],
        [0.0000e+00],
        [0.0000e+00],
        [0.0000e+00],
        [0.0000e+00],
        [0.0000e+00],
        [0.0000e+00],
        [0.0000e+00],
        [0.0000e+00],
        [0.0000e+00],
        [0.0000e+00],
        [0.0000e+00],
        [0.0000e+00],
        [0.0000e+00],
        [0.0000e+00],
        [0.0000e+00],
        [0.0000e+00]], device='cuda:0') 
 216 [4, 9, 20, 24, 36, 43, 47, 49, 54, 68, 74, 86, 94, 97, 102, 108, 114, 115, 126, 130, 143, 147, 153, 164, 166, 167, 169, 178, 184, 189, 191, 196, 198, 199, 208, 210, 221, 223, 224, 228, 242, 244, 246, 253, 256, 257, 267, 271, 275, 277, 278, 290, 296, 304, 311, 315, 322, 332, 334, 338, 343, 346, 350, 359, 364, 366, 368, 374, 379, 387, 398, 403, 404, 408, 414, 420, 422, 424, 430, 432, 437, 448, 454, 455, 457, 458, 466, 474, 476, 481, 490, 492, 493, 497, 500, 502, 510, 516, 517, 522, 528, 529, 535, 538, 541, 544, 553, 562, 567, 571, 575, 582, 583, 585, 589, 595, 602, 610, 622, 623, 628, 632, 637, 640, 652, 656, 657, 662, 671, 676, 680, 690, 697, 704, 710, 721, 724, 730, 735, 737, 746, 747, 755, 759, 762, 765, 769, 771, 772, 774, 780, 782, 783, 792, 793, 794, 796, 805, 809, 810, 814, 819, 821, 825, 827, 836, 837, 839, 850, 857, 863, 870, 882, 886, 887, 895, 902, 907, 908, 913, 914, 916, 919, 920, 925, 937, 942, 945, 949, 951, 955, 956, 960, 968, 970, 973, 985, 990, 1006, 1007, 1009, 1014, 1015, 1017, 1022, 1033, 1040, 1042, 1047, 1049, 1056, 1063, 1065, 1071, 1080, 1088]
